Layer 0 - Convolution
i: [[[[ 9.38012451e-02 -4.17776257e-02 -4.18411881e-01 -4.18477058e-01
     4.06470634e-02 -4.82041299e-01  3.70287150e-01  1.74384251e-01
     2.20412865e-01 -1.89416289e-01  1.88656390e-01  1.65609404e-01
     3.16130489e-01  2.83034947e-02  1.08480789e-01 -4.06638086e-02
     1.00279488e-01  1.35683939e-01  1.05465315e-01  1.31910637e-01
    -2.63158560e-01  2.15486288e-02 -1.77987739e-01  2.99919005e-02
     6.21723533e-02 -2.06413776e-01 -2.46099249e-01  6.17536195e-02
     2.74996776e-02 -7.89028257e-02  1.32031232e-01  1.75716698e-01]]

  [[ 1.31256223e-01  6.89230114e-02 -7.02332705e-02 -2.25832179e-01
     2.62867827e-02 -1.76009133e-01  3.52497637e-01  1.82813600e-01
     2.29462191e-01  1.11598685e-01 -4.94408049e-02 -4.38471995e-02
     2.80365087e-02  1.36449650e-01  7.98938051e-02 -2.44094804e-02
     7.98662379e-02  2.40682915e-01  1.64202884e-01  8.95847082e-02
     1.35145858e-01 -3.03042144e-01  1.69424489e-02  4.96497713e-02
     1.48081049e-01 -4.83433872e-01 -3.80771071e-01 -4.10327405e-01
     6.34461269e-02  3.07798143e-02  2.75918692e-01  9.96118337e-02]]

  [[-6.17944151e-02 -7.27397716e-03  1.39793679e-01  2.66628921e-01
     1.04285248e-01  1.96904823e-01  1.11976579e-01 -1.15829378e-01
     2.90438652e-01  1.36951372e-01  1.10425018e-01 -1.30363535e-02
    -3.70861173e-01  2.39335164e-01  6.89581782e-02 -7.63044283e-02
     1.01976089e-01  6.08635135e-02  1.23920135e-01  6.86137304e-02
     3.97169948e-01 -2.66119331e-01  2.91705251e-01 -2.76495069e-01
    -7.45085105e-02 -3.67352635e-01 -2.07439706e-01 -4.04860526e-01
    -1.76966384e-01  1.34626612e-01  2.29398742e-01  2.43597046e-01]]]


 [[[ 1.59699582e-02  1.24104120e-01 -2.40175873e-01 -4.83795881e-01
     2.65483409e-01  6.64292648e-02  2.03968540e-01 -1.49647504e-01
     1.40001908e-01 -6.14411235e-02  1.58236586e-02 -1.62546247e-01
     3.00738931e-01  1.36412993e-01  2.62899786e-01 -6.68813102e-03
     2.85051670e-02 -1.27585113e-01  3.78026441e-02  5.15804105e-02
    -1.56161457e-01 -1.93824470e-02 -3.95370927e-03  9.13436487e-02
     3.39195505e-03  1.38789564e-01 -9.15086567e-02  1.65437952e-01
     1.27524389e-02 -1.62208840e-01 -1.84229612e-01  5.38352616e-02]]

  [[ 1.47648871e-01  2.73261398e-01  1.58521146e-01 -1.39528915e-01
     1.92869097e-01  1.07894406e-01  2.21266150e-02 -4.59473491e-01
     1.03272028e-01  2.75746077e-01 -4.55343239e-02  5.48989959e-02
     8.00285488e-02  1.44184679e-01 -6.49414733e-02 -4.85907719e-02
    -4.00957651e-02  1.93490479e-02 -1.93686632e-03  9.38266292e-02
    -2.13122308e-01  1.74800009e-01  5.44565618e-02  1.61070049e-01
    -8.50883946e-02  1.07118636e-01  2.03702047e-01 -7.95326903e-02
     2.95336038e-01 -1.12280697e-01  7.68446550e-02  1.27323166e-01]]

  [[ 1.80986553e-01 -3.62086207e-01  1.85474470e-01  4.25974339e-01
     1.86643660e-01  4.74930159e-04 -3.46724778e-01 -5.12959540e-01
    -2.22396150e-01  6.90120533e-02  4.56967093e-02  9.78198275e-02
    -4.73234802e-01 -1.06379673e-01 -2.27906451e-01  6.82379603e-02
     1.63811892e-01  2.69256175e-01  2.19682734e-02 -2.68301573e-02
     2.81389832e-01  1.39324948e-01  2.82272726e-01 -9.40299183e-02
     8.80923122e-02 -2.65478585e-02  1.85119987e-01 -2.22880885e-01
     2.81405002e-01  2.32539594e-01  1.22771591e-01  1.87081724e-01]]]


 [[[-1.94293737e-01  3.75837564e-01  8.69195163e-02 -4.57733124e-02
    -3.16906244e-01  2.22458854e-01 -6.28065914e-02  4.48468924e-02
    -3.03677440e-01  1.05426885e-01  1.76318735e-01  7.06714764e-03
     3.14414859e-01 -1.64127022e-01  1.05491258e-01  1.47680879e-01
    -2.18812779e-01 -7.99582303e-02  2.86045410e-02  9.21214148e-02
    -2.08406150e-01  7.19947666e-02  2.74414830e-02  6.04331084e-02
    -9.03063565e-02  6.86723292e-02  3.36670101e-01  3.94407094e-01
    -2.55197972e-01 -1.12700492e-01 -5.92082441e-01 -3.58491898e-01]]

  [[-1.47916060e-02  3.91357914e-02  2.18073189e-01 -5.52239083e-02
    -2.94339597e-01  2.19541147e-01 -4.57796276e-01  2.54818410e-01
    -4.11746740e-01  4.12596017e-02  1.44717187e-01  1.45547111e-02
     9.53521580e-02  3.80965089e-03  1.99523449e-01  2.28752121e-01
    -1.47514954e-01 -1.56374559e-01  2.24292874e-02  1.26261398e-01
    -1.70427620e-01  1.73949420e-01 -5.44515718e-03  1.24454215e-01
     1.55596621e-02  3.43154162e-01  1.17734686e-01  4.30236965e-01
    -2.13400513e-01  5.80756515e-02 -5.63946843e-01 -2.99105704e-01]]

  [[ 1.52878106e-01 -5.84856629e-01  6.58530369e-02  3.57744217e-01
    -2.05979913e-01 -1.32584900e-01 -3.70964408e-01  5.36623299e-01
    -9.75177959e-02 -1.18960902e-01 -3.08356271e-03  1.78247452e-01
    -5.39132774e-01 -2.41128668e-01 -3.82311523e-01  8.34989622e-02
     2.38697886e-01 -1.62981734e-01  1.54876620e-01 -2.24081147e-02
     1.53812468e-01  1.72958463e-01  3.86873931e-02  1.63050115e-01
     2.21195057e-01  3.13678533e-01  2.28650011e-02  1.30360633e-01
     2.60278076e-01  2.53315210e-01 -5.23696423e-01 -1.74285606e-01]]]]

i: [-0.01887847  0.11443935 -0.02712254  0.04325815  0.0006521  -0.02535074
  0.06506534 -0.00635228 -0.00220142 -0.04585423 -0.02191939 -0.0020269
  0.11524772  0.00048815 -0.00317456 -0.0023884  -0.02728506 -0.00763309
 -0.03252183 -0.03305261 -0.00296302 -0.00250608 -0.02055441 -0.00198315
 -0.00147089  0.04860133  0.00149096 -0.00258392 -0.05837928 -0.00299331
  0.20955803 -0.00148968]

Layer 1 - Max Pooling
Layer 2 - Convolution
i: [[[[-4.57484648e-02  6.76149726e-02 -8.59944001e-02 ...  2.22700946e-02
     1.98957562e-01  2.95925215e-02]
   [ 3.80380489e-02  4.08402085e-02 -3.52249807e-03 ...  7.99625367e-02
    -4.17715460e-02 -2.94095911e-02]
   [-1.43073291e-01  6.10802881e-02 -1.26360869e-02 ... -5.15862927e-02
     4.83738407e-02 -3.49897332e-02]
   ...
   [-1.47817463e-01  6.14386238e-02 -1.13281637e-01 ... -2.37761438e-02
     2.79511586e-02 -4.88310643e-02]
   [ 1.39027491e-01 -2.14019660e-02 -1.67102739e-01 ... -9.47756879e-03
     1.07324366e-02 -8.24021623e-02]
   [ 3.10072806e-02 -5.30141108e-02  7.06296042e-02 ... -1.58033259e-02
     4.75821756e-02 -3.89214754e-02]]

  [[-1.83216870e-01 -1.10724412e-01 -6.49735853e-02 ...  6.05259500e-02
     5.48919104e-02 -2.13780720e-02]
   [ 6.21394292e-02  1.58911407e-01 -2.04060018e-01 ... -1.62180871e-01
    -2.10039631e-01  1.61133781e-01]
   [-7.57301450e-02 -1.78331003e-01  8.93469527e-02 ... -6.38787448e-03
    -1.83888522e-04 -1.02446727e-01]
   ...
   [-4.23020087e-02 -7.91816562e-02  1.32614439e-02 ...  5.51049300e-02
     5.48149087e-02 -8.08500797e-02]
   [-9.19962823e-02  5.81657402e-02 -2.85410464e-01 ... -1.53401867e-01
    -8.25482011e-02 -2.09350094e-01]
   [-5.23102880e-02 -2.45618746e-01 -1.11405164e-01 ... -9.63551998e-02
    -3.20272930e-02 -1.31953061e-01]]

  [[ 1.41043752e-01 -7.58927688e-02 -4.35879789e-02 ...  5.17254472e-02
    -1.06981255e-01 -7.86019266e-02]
   [ 7.73408860e-02 -1.49000445e-02  3.47444043e-02 ... -1.47593886e-01
     1.99549198e-02 -1.76503435e-02]
   [ 1.81679115e-01  1.94525309e-02  1.36338145e-01 ...  6.18040636e-02
     1.30279228e-01 -3.55996452e-02]
   ...
   [ 7.83976689e-02 -9.87153724e-02  8.41002986e-02 ...  1.44100294e-01
     1.01523332e-01 -9.92101803e-03]
   [ 2.83432216e-03  6.35806695e-02 -2.45864406e-01 ...  6.54041320e-02
     2.39071460e-03 -1.96658164e-01]
   [ 6.49769418e-03 -2.84425110e-01  1.04833484e-01 ...  2.04373151e-01
     3.91765982e-02 -4.14262772e-01]]]


 [[[-3.36878859e-02  8.61838013e-02 -9.79138687e-02 ... -2.27303561e-02
     1.20496519e-01  1.40433814e-02]
   [ 2.28904635e-02 -1.31850585e-01 -9.83190760e-02 ... -8.79561827e-02
    -7.24219456e-02  5.06518781e-02]
   [ 1.92899816e-02 -3.18933651e-02 -4.72854562e-02 ... -9.11066458e-02
    -1.10185578e-01  9.21939537e-02]
   ...
   [-5.38564734e-02  3.63314822e-02 -8.62086639e-02 ... -1.17240302e-01
    -7.91094750e-02  2.83909310e-02]
   [ 5.48434108e-02  1.63904969e-02 -3.52047920e-01 ... -8.20563510e-02
     3.19975555e-01 -1.49233833e-01]
   [ 3.54740918e-02 -2.01595962e-01 -1.87512323e-01 ...  1.25020072e-01
     2.32743472e-01 -1.40542164e-01]]

  [[-9.03604701e-02 -1.27553865e-02 -2.60337014e-02 ... -7.15900883e-02
     4.79834601e-02 -1.30879417e-01]
   [-3.63456868e-02 -5.46233617e-02  1.09721974e-01 ...  2.95141097e-02
    -1.12462617e-01  1.33847296e-01]
   [-1.62245825e-01 -2.39681900e-02  1.01374015e-01 ...  3.04945093e-02
    -1.29883796e-01 -1.50074974e-01]
   ...
   [-1.00766249e-01  3.49345990e-02  1.92362890e-02 ... -1.15122616e-01
     1.31106051e-03 -1.71052486e-01]
   [-8.68128166e-02 -8.98807645e-02 -2.41115183e-01 ...  1.69153228e-01
     3.00637066e-01 -2.05001086e-01]
   [-5.86602613e-02 -3.68819892e-01 -4.45574708e-02 ...  6.66399747e-02
     2.51653671e-01 -1.66325837e-01]]

  [[ 4.80431728e-02 -1.44074306e-01 -7.56682176e-03 ... -4.33350615e-02
    -1.25463277e-01 -1.45140458e-02]
   [-5.22345267e-02  2.00431049e-01  1.75562412e-01 ... -1.37118712e-01
     2.01940507e-01 -1.59988284e-01]
   [ 5.91583773e-02 -4.05472517e-02  6.00848757e-02 ... -5.13529815e-02
    -2.45374724e-01  5.11120223e-02]
   ...
   [ 2.25983083e-01 -6.39416203e-02 -8.54790807e-02 ... -6.59079328e-02
    -1.68421611e-01  6.97807968e-02]
   [-2.28880227e-01 -1.63708717e-01  1.16500400e-01 ...  6.53482005e-02
     9.39049199e-02 -2.70722538e-01]
   [-1.35201082e-01 -1.57180995e-01  1.41170621e-01 ...  1.49744153e-01
     1.22034803e-01 -3.33988875e-01]]]


 [[[ 8.31543410e-04  7.71255344e-02 -1.70922987e-02 ... -6.97852448e-02
    -1.29594594e-01 -1.53900916e-02]
   [-9.62849632e-02 -2.67207175e-01 -1.52180251e-02 ... -3.55595537e-02
    -1.66782796e-01  5.91865256e-02]
   [-3.54252607e-02 -8.67515802e-02 -4.13151877e-03 ... -1.68368503e-01
    -2.99357753e-02 -6.61539584e-02]
   ...
   [-2.72071864e-02  2.88340636e-02  1.49965864e-02 ...  3.36216427e-02
    -1.18720323e-01  7.96111971e-02]
   [ 2.57051349e-01 -1.18183538e-01 -1.99739039e-01 ...  1.28170894e-02
     1.73036933e-01 -2.80557364e-01]
   [ 2.01795667e-01 -9.14467350e-02 -2.80339532e-02 ...  2.54560411e-02
     1.01108337e-02 -1.78378180e-01]]

  [[ 9.06040054e-03  1.11743249e-01 -2.87761725e-03 ... -1.00583449e-01
    -9.01040137e-02 -5.70624992e-02]
   [-1.77176908e-01 -2.69502383e-02 -2.46430468e-02 ... -5.82619905e-02
    -3.04645244e-02 -1.03937536e-01]
   [-7.85081908e-02  7.48131350e-02 -6.12742174e-03 ... -4.33418974e-02
    -8.98022503e-02 -3.05866115e-02]
   ...
   [ 3.18421749e-03 -4.76364885e-03 -3.35184485e-02 ... -1.13263145e-01
    -7.37681240e-02 -8.21765570e-05]
   [ 1.07679013e-02 -1.89509287e-01 -3.60013312e-03 ...  8.12287107e-02
     2.17580497e-01 -1.33565560e-01]
   [ 4.46332134e-02 -1.36362568e-01  1.39287695e-01 ... -2.51360387e-02
     7.38869980e-02 -2.06877828e-01]]

  [[ 1.13147795e-02 -6.18978813e-02 -6.43986464e-02 ... -1.82734579e-02
    -2.98809916e-01  2.95925494e-02]
   [-1.95161290e-02  8.76212791e-02 -6.20062985e-02 ... -6.40986785e-02
    -2.07501262e-01 -4.62030210e-02]
   [ 7.34273419e-02 -2.05074444e-01 -1.73191309e-01 ...  7.77979344e-02
    -1.52482286e-01  1.98738962e-01]
   ...
   [ 8.45621377e-02 -1.14374861e-01 -1.64617389e-01 ...  6.44748332e-03
    -2.26011530e-01  2.07163706e-01]
   [-4.03790832e-01 -2.09549338e-01  1.06304578e-01 ... -2.68709302e-01
    -5.71223907e-02 -5.14463067e-01]
   [-2.43677065e-01 -6.93593696e-02  1.62133157e-01 ... -2.81915337e-01
    -2.50156224e-01 -4.31584656e-01]]]]

i: [ 0.00877255  0.0521074  -0.16327387  0.13702703 -0.16143303 -0.10420282
 -0.06627779 -0.1678361  -0.1424546  -0.09023091 -0.02967704 -0.05780338
 -0.08181681 -0.10436555 -0.01763238 -0.0837999  -0.13042495  0.06035301
 -0.14911684 -0.11010101 -0.06702732 -0.12558737 -0.07329962  0.04025877
  0.06346679 -0.16450317 -0.03675836  0.0283803  -0.04667417 -0.13286386
 -0.14183812 -0.09671107 -0.10005989 -0.14375624  0.04613301 -0.07462259
 -0.12786481 -0.07637061 -0.0991872  -0.09134295 -0.04406025 -0.04587057
 -0.10908616 -0.01682484  0.02374941  0.00031017 -0.13351865  0.06375571
  0.05018428 -0.11340957 -0.02118876 -0.16080382 -0.05610481 -0.02704546
 -0.07780589  0.00518037 -0.10157964 -0.07013874 -0.0083036  -0.11385955
 -0.07938349 -0.1095256  -0.04913453 -0.02868588]

Layer 3 - Max Pooling
Layer 4 - Convolution
i: [[[[ 0.02452789  0.00237829  0.06069996 ... -0.03718797  0.00624243
     0.02892436]
   [-0.03787614 -0.06460036  0.01235678 ...  0.02876971 -0.0106361
    -0.0011641 ]
   [-0.00685458 -0.09393824 -0.10018244 ... -0.01212529  0.06734627
     0.02794426]
   ...
   [-0.02216959  0.1019629  -0.25575212 ...  0.01093038  0.14025773
     0.06552069]
   [-0.10395098  0.03784231 -0.10794323 ...  0.07610843  0.09685617
     0.03101851]
   [-0.00328994 -0.04772312  0.15670775 ... -0.00127672  0.02745221
     0.07607753]]

  [[ 0.04896973 -0.0105348   0.1288885  ...  0.04697357 -0.11768383
    -0.0649621 ]
   [ 0.03078857  0.10183519  0.12488977 ... -0.06481698  0.02922967
     0.04409889]
   [-0.01138417 -0.02004721 -0.05722198 ... -0.05062826  0.12375029
     0.01021608]
   ...
   [ 0.03762547  0.0572391  -0.21919388 ...  0.02808416 -0.00147299
    -0.01896606]
   [-0.01331788  0.08968776  0.06759813 ...  0.02507611 -0.00709267
     0.04465459]
   [-0.033399    0.14774232  0.20154953 ... -0.21856914 -0.09451257
    -0.11354934]]

  [[ 0.16699108  0.02564628 -0.14966914 ...  0.11367439 -0.25196615
     0.12366424]
   [ 0.0978837   0.15530954 -0.05048327 ...  0.08605634 -0.01418893
     0.10929827]
   [-0.01823765  0.03946352  0.15826358 ...  0.13906977  0.00348369
    -0.13901217]
   ...
   [ 0.06017813  0.10449141  0.09023376 ...  0.09747943  0.0315796
     0.03581723]
   [ 0.21935979  0.12296033  0.11514592 ... -0.02847178 -0.08356165
     0.05578113]
   [ 0.03257858 -0.03983212  0.05976337 ... -0.23672713 -0.27497974
     0.07656728]]]


 [[[-0.0089562  -0.04060657 -0.03043425 ... -0.04245082  0.13633686
    -0.02677773]
   [-0.04643682 -0.11815552  0.08542529 ...  0.16659509 -0.02390744
     0.01199464]
   [-0.02867007 -0.06239579  0.07946445 ...  0.06659914 -0.04192904
     0.16160782]
   ...
   [ 0.02108476 -0.00857211 -0.11343321 ...  0.02367189  0.03207179
     0.01553879]
   [ 0.01716272  0.06012155  0.0236862  ...  0.04453271  0.04911272
     0.0610979 ]
   [-0.0783618  -0.16887169  0.00460151 ... -0.1506299   0.10689359
     0.02720356]]

  [[-0.02613662 -0.04601737 -0.02622342 ... -0.06188239 -0.13626854
    -0.04575886]
   [-0.04462137 -0.15594219  0.03640489 ...  0.04480563 -0.11943959
    -0.03400718]
   [-0.00836937  0.04815344 -0.03492495 ...  0.11962705 -0.08665159
    -0.00087868]
   ...
   [-0.00742099 -0.01711665  0.00657994 ... -0.04196281  0.08010118
     0.04254213]
   [ 0.05437165 -0.05372897  0.01401913 ...  0.061978   -0.05241952
     0.0644903 ]
   [-0.01795677 -0.00670705  0.08495132 ... -0.10639684 -0.04680177
     0.00491398]]

  [[-0.00243513 -0.02702902 -0.16781959 ...  0.04432551  0.00612292
     0.13692975]
   [ 0.07722728  0.06236632 -0.03723652 ...  0.03168086  0.05878457
     0.01456591]
   [ 0.03532435 -0.05480982 -0.23825395 ...  0.09580936 -0.09286848
    -0.15849344]
   ...
   [ 0.03956641 -0.10610292 -0.06906131 ... -0.0067618  -0.04454186
    -0.05265494]
   [ 0.0856066  -0.06094123 -0.02937557 ...  0.07144254 -0.03855338
    -0.03328151]
   [ 0.01503087  0.04841854  0.00152559 ... -0.14117678 -0.04287083
     0.14023384]]]


 [[[-0.03513121  0.03181528 -0.01763087 ... -0.05014494 -0.02913408
    -0.04102588]
   [-0.01481993 -0.11454273  0.10587045 ...  0.1199418  -0.07799058
     0.02796742]
   [ 0.06118441  0.03699478 -0.108259   ...  0.04006015 -0.00511655
     0.06201472]
   ...
   [ 0.13483508  0.05632176 -0.07902401 ... -0.1239868   0.03726681
    -0.04182742]
   [ 0.07724299 -0.04278758 -0.07595707 ... -0.02980104  0.07730464
    -0.00854916]
   [-0.13203815 -0.08924834  0.13954207 ... -0.03962181  0.05906323
     0.04516971]]

  [[-0.118762   -0.11589921 -0.03053636 ... -0.09356023  0.02530019
    -0.12479347]
   [ 0.063765   -0.01776605  0.04399438 ...  0.02867632 -0.18027715
    -0.05808079]
   [ 0.06242222 -0.14779894  0.04449192 ... -0.09370897  0.03022846
     0.01274811]
   ...
   [ 0.1106372   0.00422811 -0.04872841 ...  0.00575897  0.05128858
    -0.06499474]
   [ 0.12008256 -0.13454147  0.02822928 ...  0.02346531  0.07816979
     0.00643352]
   [-0.24505934  0.07827362 -0.0152696  ...  0.0613576  -0.0993231
     0.01356629]]

  [[-0.02012221  0.03063831 -0.10445959 ... -0.14028424 -0.05180325
    -0.01686112]
   [-0.10784199 -0.09378868  0.0625437  ...  0.04068926  0.11409736
    -0.02905744]
   [-0.07182983  0.08571716  0.03423515 ... -0.02758834 -0.10457425
     0.02615991]
   ...
   [-0.02410955 -0.14461029 -0.05346433 ...  0.06804211 -0.14740266
    -0.16200007]
   [ 0.02546313  0.07420587 -0.01504605 ... -0.0108575   0.0077837
    -0.01908891]
   [-0.25419182 -0.03995468 -0.17163327 ... -0.05210378 -0.14481969
     0.15731259]]]]

i: [-0.02841296 -0.03298797  0.00695419  0.02382538 -0.01076206 -0.04702634
 -0.07348698 -0.01759704 -0.01947263 -0.07407322 -0.04825217 -0.0534947
  0.06318852  0.01606122  0.02824638 -0.00927917  0.01254867 -0.01807759
 -0.03164723 -0.03690281 -0.03305257 -0.03445608 -0.00645027  0.01716206
  0.00393706 -0.04343512 -0.04675961 -0.01947158 -0.07426491 -0.06856001
 -0.01320368 -0.03934685  0.01597072  0.01191537 -0.0512532   0.01120546
 -0.02651646  0.00246267 -0.03535197 -0.01324341 -0.06419043 -0.07851724
 -0.07296003  0.00195112  0.02358878 -0.10017809 -0.05785797  0.01878251
 -0.07192057  0.03830327 -0.05735152 -0.06365839 -0.00887326  0.03027
  0.00095633  0.01028807  0.00120417  0.02201796 -0.01089854 -0.03452171
 -0.06815882 -0.0490975  -0.00362762 -0.02137007 -0.00595206 -0.04607178
  0.04540769 -0.04363908 -0.00784293  0.01161169 -0.02794281 -0.01848125
  0.03052186 -0.01508497 -0.01443192 -0.04050035 -0.038397   -0.01472949
 -0.00772648 -0.01127834  0.01332655 -0.0209896   0.05729664  0.06340422
 -0.06176949 -0.02587025 -0.08694772 -0.04370314 -0.05428405 -0.01355379
  0.05043049 -0.05833781 -0.02926561  0.01894514 -0.01464386 -0.05045909
 -0.02305132  0.00751049 -0.04718175 -0.03315721 -0.03040612 -0.04478643
 -0.07553484 -0.02681611  0.05608454 -0.04118175 -0.00500495 -0.01927979
  0.02760367 -0.02306392 -0.07008789 -0.01355125 -0.09590029 -0.04159658
 -0.06560681 -0.00432011 -0.06996405 -0.00807711  0.05620055 -0.02569296
 -0.01520822 -0.02275106 -0.00874512 -0.05256983 -0.01079443 -0.03456248
 -0.07475735 -0.02059769]

Layer 5 - Max Pooling
Layer 6 - Flatten
Layer 7 - Dropout
Layer 8 - Dense(softmax)
i: [[-0.49531668  0.20480257 -0.08983769 ...  0.0969435  -0.41523615
  -0.03797193]
 [-0.14526097 -0.10565981  0.2157309  ...  0.29827473  0.02442574
  -0.32101142]
 [ 0.20300251 -0.2545285  -0.2955674  ... -0.09156606  0.01709963
  -0.02382848]
 ...
 [-0.44124132  0.10341664  0.0907651  ... -0.24371283 -0.13952126
  -0.30665502]
 [-0.05331654 -0.17550874  0.16191863 ...  0.29985586 -0.30196902
   0.3031041 ]
 [ 0.31567287  0.10714886  0.25355175 ... -0.03274955 -0.11071464
  -0.07928605]]

i: [ 0.2789782   0.11862499 -0.14477812  0.00104999 -0.0372472  -0.11396173
  0.06012842  0.07210206  0.10629707 -0.20098591]