Layer 0  - Convolution
j: [[[[ 9.38012451e-02 -4.17776257e-02 -4.18411881e-01 -4.18477058e-01
     4.06470634e-02 -4.82041299e-01  3.70287150e-01  1.74384251e-01
     2.20412865e-01 -1.89416289e-01  1.88656390e-01  1.65609404e-01
     3.16130489e-01  2.83034947e-02  1.08480789e-01 -4.06638086e-02
     1.00279488e-01  1.35683939e-01  1.05465315e-01  1.31910637e-01
    -2.63158560e-01  2.15486288e-02 -1.77987739e-01  2.99919005e-02
     6.21723533e-02 -2.06413776e-01 -2.46099249e-01  6.17536195e-02
     2.74996776e-02 -7.89028257e-02  1.32031232e-01  1.75716698e-01]]

  [[ 1.31256223e-01  6.89230114e-02 -7.02332705e-02 -2.25832179e-01
     2.62867827e-02 -1.76009133e-01  3.52497637e-01  1.82813600e-01
     2.29462191e-01  1.11598685e-01 -4.94408049e-02 -4.38471995e-02
     2.80365087e-02  1.36449650e-01  7.98938051e-02 -2.44094804e-02
     7.98662379e-02  2.40682915e-01  1.64202884e-01  8.95847082e-02
     1.35145858e-01 -3.03042144e-01  1.69424489e-02  4.96497713e-02
     1.48081049e-01 -4.83433872e-01 -3.80771071e-01 -4.10327405e-01
     6.34461269e-02  3.07798143e-02  2.75918692e-01  9.96118337e-02]]

  [[-6.17944151e-02 -7.27397716e-03  1.39793679e-01  2.66628921e-01
     1.04285248e-01  1.96904823e-01  1.11976579e-01 -1.15829378e-01
     2.90438652e-01  1.36951372e-01  1.10425018e-01 -1.30363535e-02
    -3.70861173e-01  2.39335164e-01  6.89581782e-02 -7.63044283e-02
     1.01976089e-01  6.08635135e-02  1.23920135e-01  6.86137304e-02
     3.97169948e-01 -2.66119331e-01  2.91705251e-01 -2.76495069e-01
    -7.45085105e-02 -3.67352635e-01 -2.07439706e-01 -4.04860526e-01
    -1.76966384e-01  1.34626612e-01  2.29398742e-01  2.43597046e-01]]]


 [[[ 1.59699582e-02  1.24104120e-01 -2.40175873e-01 -4.83795881e-01
     2.65483409e-01  6.64292648e-02  2.03968540e-01 -1.49647504e-01
     1.40001908e-01 -6.14411235e-02  1.58236586e-02 -1.62546247e-01
     3.00738931e-01  1.36412993e-01  2.62899786e-01 -6.68813102e-03
     2.85051670e-02 -1.27585113e-01  3.78026441e-02  5.15804105e-02
    -1.56161457e-01 -1.93824470e-02 -3.95370927e-03  9.13436487e-02
     3.39195505e-03  1.38789564e-01 -9.15086567e-02  1.65437952e-01
     1.27524389e-02 -1.62208840e-01 -1.84229612e-01  5.38352616e-02]]

  [[ 1.47648871e-01  2.73261398e-01  1.58521146e-01 -1.39528915e-01
     1.92869097e-01  1.07894406e-01  2.21266150e-02 -4.59473491e-01
     1.03272028e-01  2.75746077e-01 -4.55343239e-02  5.48989959e-02
     8.00285488e-02  1.44184679e-01 -6.49414733e-02 -4.85907719e-02
    -4.00957651e-02  1.93490479e-02 -1.93686632e-03  9.38266292e-02
    -2.13122308e-01  1.74800009e-01  5.44565618e-02  1.61070049e-01
    -8.50883946e-02  1.07118636e-01  2.03702047e-01 -7.95326903e-02
     2.95336038e-01 -1.12280697e-01  7.68446550e-02  1.27323166e-01]]

  [[ 1.80986553e-01 -3.62086207e-01  1.85474470e-01  4.25974339e-01
     1.86643660e-01  4.74930159e-04 -3.46724778e-01 -5.12959540e-01
    -2.22396150e-01  6.90120533e-02  4.56967093e-02  9.78198275e-02
    -4.73234802e-01 -1.06379673e-01 -2.27906451e-01  6.82379603e-02
     1.63811892e-01  2.69256175e-01  2.19682734e-02 -2.68301573e-02
     2.81389832e-01  1.39324948e-01  2.82272726e-01 -9.40299183e-02
     8.80923122e-02 -2.65478585e-02  1.85119987e-01 -2.22880885e-01
     2.81405002e-01  2.32539594e-01  1.22771591e-01  1.87081724e-01]]]


 [[[-1.94293737e-01  3.75837564e-01  8.69195163e-02 -4.57733124e-02
    -3.16906244e-01  2.22458854e-01 -6.28065914e-02  4.48468924e-02
    -3.03677440e-01  1.05426885e-01  1.76318735e-01  7.06714764e-03
     3.14414859e-01 -1.64127022e-01  1.05491258e-01  1.47680879e-01
    -2.18812779e-01 -7.99582303e-02  2.86045410e-02  9.21214148e-02
    -2.08406150e-01  7.19947666e-02  2.74414830e-02  6.04331084e-02
    -9.03063565e-02  6.86723292e-02  3.36670101e-01  3.94407094e-01
    -2.55197972e-01 -1.12700492e-01 -5.92082441e-01 -3.58491898e-01]]

  [[-1.47916060e-02  3.91357914e-02  2.18073189e-01 -5.52239083e-02
    -2.94339597e-01  2.19541147e-01 -4.57796276e-01  2.54818410e-01
    -4.11746740e-01  4.12596017e-02  1.44717187e-01  1.45547111e-02
     9.53521580e-02  3.80965089e-03  1.99523449e-01  2.28752121e-01
    -1.47514954e-01 -1.56374559e-01  2.24292874e-02  1.26261398e-01
    -1.70427620e-01  1.73949420e-01 -5.44515718e-03  1.24454215e-01
     1.55596621e-02  3.43154162e-01  1.17734686e-01  4.30236965e-01
    -2.13400513e-01  5.80756515e-02 -5.63946843e-01 -2.99105704e-01]]

  [[ 1.52878106e-01 -5.84856629e-01  6.58530369e-02  3.57744217e-01
    -2.05979913e-01 -1.32584900e-01 -3.70964408e-01  5.36623299e-01
    -9.75177959e-02 -1.18960902e-01 -3.08356271e-03  1.78247452e-01
    -5.39132774e-01 -2.41128668e-01 -3.82311523e-01  8.34989622e-02
     2.38697886e-01 -1.62981734e-01  1.54876620e-01 -2.24081147e-02
     1.53812468e-01  1.72958463e-01  3.86873931e-02  1.63050115e-01
     2.21195057e-01  3.13678533e-01  2.28650011e-02  1.30360633e-01
     2.60278076e-01  2.53315210e-01 -5.23696423e-01 -1.74285606e-01]]]]

j: [-0.01887847  0.11443935 -0.02712254  0.04325815  0.0006521  -0.02535074
  0.06506534 -0.00635228 -0.00220142 -0.04585423 -0.02191939 -0.0020269
  0.11524772  0.00048815 -0.00317456 -0.0023884  -0.02728506 -0.00763309
 -0.03252183 -0.03305261 -0.00296302 -0.00250608 -0.02055441 -0.00198315
 -0.00147089  0.04860133  0.00149096 -0.00258392 -0.05837928 -0.00299331
  0.20955803 -0.00148968]

Layer 1 - Max Pooling
Layer 2 - Convolution
j: [[[[-4.57484648e-02  6.76149726e-02 -8.59944001e-02 ...  2.22700946e-02
     1.98957562e-01  2.95925215e-02]
   [ 3.80380489e-02  4.08402085e-02 -3.52249807e-03 ...  7.99625367e-02
    -4.17715460e-02 -2.94095911e-02]
   [-1.43073291e-01  6.10802881e-02 -1.26360869e-02 ... -5.15862927e-02
     4.83738407e-02 -3.49897332e-02]
   ...
   [-1.47817463e-01  6.14386238e-02 -1.13281637e-01 ... -2.37761438e-02
     2.79511586e-02 -4.88310643e-02]
   [ 1.39027491e-01 -2.14019660e-02 -1.67102739e-01 ... -9.47756879e-03
     1.07324366e-02 -8.24021623e-02]
   [ 3.10072806e-02 -5.30141108e-02  7.06296042e-02 ... -1.58033259e-02
     4.75821756e-02 -3.89214754e-02]]

  [[-1.83216870e-01 -1.10724412e-01 -6.49735853e-02 ...  6.05259500e-02
     5.48919104e-02 -2.13780720e-02]
   [ 6.21394292e-02  1.58911407e-01 -2.04060018e-01 ... -1.62180871e-01
    -2.10039631e-01  1.61133781e-01]
   [-7.57301450e-02 -1.78331003e-01  8.93469527e-02 ... -6.38787448e-03
    -1.83888522e-04 -1.02446727e-01]
   ...
   [-4.23020087e-02 -7.91816562e-02  1.32614439e-02 ...  5.51049300e-02
     5.48149087e-02 -8.08500797e-02]
   [-9.19962823e-02  5.81657402e-02 -2.85410464e-01 ... -1.53401867e-01
    -8.25482011e-02 -2.09350094e-01]
   [-5.23102880e-02 -2.45618746e-01 -1.11405164e-01 ... -9.63551998e-02
    -3.20272930e-02 -1.31953061e-01]]

  [[ 1.41043752e-01 -7.58927688e-02 -4.35879789e-02 ...  5.17254472e-02
    -1.06981255e-01 -7.86019266e-02]
   [ 7.73408860e-02 -1.49000445e-02  3.47444043e-02 ... -1.47593886e-01
     1.99549198e-02 -1.76503435e-02]
   [ 1.81679115e-01  1.94525309e-02  1.36338145e-01 ...  6.18040636e-02
     1.30279228e-01 -3.55996452e-02]
   ...
   [ 7.83976689e-02 -9.87153724e-02  8.41002986e-02 ...  1.44100294e-01
     1.01523332e-01 -9.92101803e-03]
   [ 2.83432216e-03  6.35806695e-02 -2.45864406e-01 ...  6.54041320e-02
     2.39071460e-03 -1.96658164e-01]
   [ 6.49769418e-03 -2.84425110e-01  1.04833484e-01 ...  2.04373151e-01
     3.91765982e-02 -4.14262772e-01]]]


 [[[-3.36878859e-02  8.61838013e-02 -9.79138687e-02 ... -2.27303561e-02
     1.20496519e-01  1.40433814e-02]
   [ 2.28904635e-02 -1.31850585e-01 -9.83190760e-02 ... -8.79561827e-02
    -7.24219456e-02  5.06518781e-02]
   [ 1.92899816e-02 -3.18933651e-02 -4.72854562e-02 ... -9.11066458e-02
    -1.10185578e-01  9.21939537e-02]
   ...
   [-5.38564734e-02  3.63314822e-02 -8.62086639e-02 ... -1.17240302e-01
    -7.91094750e-02  2.83909310e-02]
   [ 5.48434108e-02  1.63904969e-02 -3.52047920e-01 ... -8.20563510e-02
     3.19975555e-01 -1.49233833e-01]
   [ 3.54740918e-02 -2.01595962e-01 -1.87512323e-01 ...  1.25020072e-01
     2.32743472e-01 -1.40542164e-01]]

  [[-9.03604701e-02 -1.27553865e-02 -2.60337014e-02 ... -7.15900883e-02
     4.79834601e-02 -1.30879417e-01]
   [-3.63456868e-02 -5.46233617e-02  1.09721974e-01 ...  2.95141097e-02
    -1.12462617e-01  1.33847296e-01]
   [-1.62245825e-01 -2.39681900e-02  1.01374015e-01 ...  3.04945093e-02
    -1.29883796e-01 -1.50074974e-01]
   ...
   [-1.00766249e-01  3.49345990e-02  1.92362890e-02 ... -1.15122616e-01
     1.31106051e-03 -1.71052486e-01]
   [-8.68128166e-02 -8.98807645e-02 -2.41115183e-01 ...  1.69153228e-01
     3.00637066e-01 -2.05001086e-01]
   [-5.86602613e-02 -3.68819892e-01 -4.45574708e-02 ...  6.66399747e-02
     2.51653671e-01 -1.66325837e-01]]

  [[ 4.80431728e-02 -1.44074306e-01 -7.56682176e-03 ... -4.33350615e-02
    -1.25463277e-01 -1.45140458e-02]
   [-5.22345267e-02  2.00431049e-01  1.75562412e-01 ... -1.37118712e-01
     2.01940507e-01 -1.59988284e-01]
   [ 5.91583773e-02 -4.05472517e-02  6.00848757e-02 ... -5.13529815e-02
    -2.45374724e-01  5.11120223e-02]
   ...
   [ 2.25983083e-01 -6.39416203e-02 -8.54790807e-02 ... -6.59079328e-02
    -1.68421611e-01  6.97807968e-02]
   [-2.28880227e-01 -1.63708717e-01  1.16500400e-01 ...  6.53482005e-02
     9.39049199e-02 -2.70722538e-01]
   [-1.35201082e-01 -1.57180995e-01  1.41170621e-01 ...  1.49744153e-01
     1.22034803e-01 -3.33988875e-01]]]


 [[[ 8.31543410e-04  7.71255344e-02 -1.70922987e-02 ... -6.97852448e-02
    -1.29594594e-01 -1.53900916e-02]
   [-9.62849632e-02 -2.67207175e-01 -1.52180251e-02 ... -3.55595537e-02
    -1.66782796e-01  5.91865256e-02]
   [-3.54252607e-02 -8.67515802e-02 -4.13151877e-03 ... -1.68368503e-01
    -2.99357753e-02 -6.61539584e-02]
   ...
   [-2.72071864e-02  2.88340636e-02  1.49965864e-02 ...  3.36216427e-02
    -1.18720323e-01  7.96111971e-02]
   [ 2.57051349e-01 -1.18183538e-01 -1.99739039e-01 ...  1.28170894e-02
     1.73036933e-01 -2.80557364e-01]
   [ 2.01795667e-01 -9.14467350e-02 -2.80339532e-02 ...  2.54560411e-02
     1.01108337e-02 -1.78378180e-01]]

  [[ 9.06040054e-03  1.11743249e-01 -2.87761725e-03 ... -1.00583449e-01
    -9.01040137e-02 -5.70624992e-02]
   [-1.77176908e-01 -2.69502383e-02 -2.46430468e-02 ... -5.82619905e-02
    -3.04645244e-02 -1.03937536e-01]
   [-7.85081908e-02  7.48131350e-02 -6.12742174e-03 ... -4.33418974e-02
    -8.98022503e-02 -3.05866115e-02]
   ...
   [ 3.18421749e-03 -4.76364885e-03 -3.35184485e-02 ... -1.13263145e-01
    -7.37681240e-02 -8.21765570e-05]
   [ 1.07679013e-02 -1.89509287e-01 -3.60013312e-03 ...  8.12287107e-02
     2.17580497e-01 -1.33565560e-01]
   [ 4.46332134e-02 -1.36362568e-01  1.39287695e-01 ... -2.51360387e-02
     7.38869980e-02 -2.06877828e-01]]

  [[ 1.13147795e-02 -6.18978813e-02 -6.43986464e-02 ... -1.82734579e-02
    -2.98809916e-01  2.95925494e-02]
   [-1.95161290e-02  8.76212791e-02 -6.20062985e-02 ... -6.40986785e-02
    -2.07501262e-01 -4.62030210e-02]
   [ 7.34273419e-02 -2.05074444e-01 -1.73191309e-01 ...  7.77979344e-02
    -1.52482286e-01  1.98738962e-01]
   ...
   [ 8.45621377e-02 -1.14374861e-01 -1.64617389e-01 ...  6.44748332e-03
    -2.26011530e-01  2.07163706e-01]
   [-4.03790832e-01 -2.09549338e-01  1.06304578e-01 ... -2.68709302e-01
    -5.71223907e-02 -5.14463067e-01]
   [-2.43677065e-01 -6.93593696e-02  1.62133157e-01 ... -2.81915337e-01
    -2.50156224e-01 -4.31584656e-01]]]]

j: [ 0.00877255  0.0521074  -0.16327387  0.13702703 -0.16143303 -0.10420282
 -0.06627779 -0.1678361  -0.1424546  -0.09023091 -0.02967704 -0.05780338
 -0.08181681 -0.10436555 -0.01763238 -0.0837999  -0.13042495  0.06035301
 -0.14911684 -0.11010101 -0.06702732 -0.12558737 -0.07329962  0.04025877
  0.06346679 -0.16450317 -0.03675836  0.0283803  -0.04667417 -0.13286386
 -0.14183812 -0.09671107 -0.10005989 -0.14375624  0.04613301 -0.07462259
 -0.12786481 -0.07637061 -0.0991872  -0.09134295 -0.04406025 -0.04587057
 -0.10908616 -0.01682484  0.02374941  0.00031017 -0.13351865  0.06375571
  0.05018428 -0.11340957 -0.02118876 -0.16080382 -0.05610481 -0.02704546
 -0.07780589  0.00518037 -0.10157964 -0.07013874 -0.0083036  -0.11385955
 -0.07938349 -0.1095256  -0.04913453 -0.02868588]

Layer 3 - Max Pooling
Layer 4 - Convolution
j: [[[[ 5.98940961e-02  2.27572303e-02  4.91382629e-02 ... -1.17242336e-02
    -8.53819400e-03  3.46969143e-02]
   [-5.91447502e-02 -3.47740278e-02  5.37877390e-03 ...  3.16999778e-02
    -1.35374200e-02 -6.79646400e-05]
   [-1.74970012e-02 -7.84238651e-02 -8.64905268e-02 ... -1.33245774e-02
     4.86920737e-02  1.63304619e-02]
   ...
   [-4.61406540e-03  1.07232168e-01 -2.52063036e-01 ...  2.40737163e-02
     1.25905439e-01  5.32222912e-02]
   [-1.06671631e-01  3.39736529e-02 -1.07022598e-01 ...  6.69411421e-02
     1.00590326e-01  2.77210698e-02]
   [ 1.67685270e-03 -6.56672269e-02  1.64835468e-01 ... -1.12426830e-02
     1.76109076e-02  5.69919497e-02]]

  [[ 1.76520925e-02 -4.49174568e-02  1.51585057e-01 ...  1.67397354e-02
    -1.21195309e-01 -9.29370001e-02]
   [ 2.81541701e-02  1.44342303e-01  1.35380521e-01 ... -4.03981432e-02
     2.13865545e-02  3.96335647e-02]
   [-3.39520238e-02 -1.47556858e-02 -4.74103764e-02 ... -4.55015264e-02
     1.14591189e-01  3.96183645e-03]
   ...
   [ 1.26323858e-02  6.69074357e-02 -2.11949527e-01 ...  1.76653359e-02
    -7.10885320e-03 -2.34498139e-02]
   [-6.73015835e-03  1.04288444e-01  7.34044760e-02 ...  2.70025730e-02
    -9.65991523e-03  4.70365472e-02]
   [-4.19637635e-02  1.62145585e-01  2.03816473e-01 ... -2.20735490e-01
    -1.02995791e-01 -1.33747295e-01]]

  [[ 1.24084800e-01  1.41850067e-03 -1.25011161e-01 ...  7.68297017e-02
    -2.51736939e-01  8.58527198e-02]
   [ 1.19856209e-01  1.31594747e-01 -6.02246970e-02 ...  1.17597185e-01
    -2.05299240e-02  8.04037079e-02]
   [-1.86848175e-02  2.62906142e-02  1.80900872e-01 ...  1.53047472e-01
    -4.51399758e-03 -1.43990174e-01]
   ...
   [ 4.08935845e-02  8.80129561e-02  1.04018427e-01 ...  8.26673731e-02
     3.08803655e-02  2.84249485e-02]
   [ 2.02605456e-01  1.26775831e-01  1.20017990e-01 ... -1.50188766e-02
    -9.04552490e-02  5.65921217e-02]
   [ 3.53972316e-02 -3.61037776e-02  7.07582235e-02 ... -2.24235415e-01
    -2.92720616e-01  5.96401431e-02]]]


 [[[ 2.48525124e-02 -3.43231112e-02 -4.40727025e-02 ... -9.17051639e-03
     1.27454162e-01 -2.20358744e-02]
   [-4.31185924e-02 -1.10816546e-01  7.58557841e-02 ...  1.63601920e-01
    -3.55209075e-02  1.50330849e-02]
   [-1.02081485e-02 -6.54310286e-02  7.96258822e-02 ...  6.24303594e-02
    -4.16380279e-02  1.61533341e-01]
   ...
   [ 3.65447626e-02 -1.23233190e-02 -1.17634825e-01 ...  3.56412455e-02
     2.83352528e-02  1.61929037e-02]
   [ 1.46907121e-02  5.31369485e-02  2.55932044e-02 ...  2.99624372e-02
     4.80239727e-02  6.44576773e-02]
   [-5.98528124e-02 -1.81202069e-01 -1.92625739e-03 ... -1.55037299e-01
     9.29436162e-02 -9.50585306e-03]]

  [[-3.56576666e-02 -6.61491528e-02 -3.28128086e-03 ... -8.91311020e-02
    -1.41613513e-01 -5.99282756e-02]
   [-5.37700132e-02 -1.42044649e-01  4.20539714e-02 ...  5.93628138e-02
    -1.27415478e-01 -4.64438237e-02]
   [ 8.12094100e-03  5.55916242e-02 -2.36918665e-02 ...  1.28382683e-01
    -8.55909213e-02  1.18015241e-03]
   ...
   [ 6.99368585e-03 -6.40448462e-03  2.17897762e-02 ... -5.25429063e-02
     8.08043405e-02  4.13191766e-02]
   [ 6.70920610e-02 -5.51083088e-02  2.12938897e-02 ...  6.30678311e-02
    -4.84344624e-02  6.90398812e-02]
   [-1.92981884e-02  1.20669594e-02  7.50776455e-02 ... -1.14532672e-01
    -6.12728111e-02 -1.31538557e-02]]

  [[-2.31604651e-02 -5.12341075e-02 -1.41884208e-01 ...  2.12257449e-02
     3.79094295e-03  9.77871493e-02]
   [ 1.11953102e-01  6.69717416e-02 -4.00645323e-02 ...  7.05416501e-02
     5.07190041e-02 -1.49908606e-02]
   [ 5.60817569e-02 -5.08776121e-02 -2.11369559e-01 ...  1.10610940e-01
    -9.34187770e-02 -1.71110153e-01]
   ...
   [ 5.96744455e-02 -1.18813880e-01 -4.10639271e-02 ... -3.82396788e-03
    -4.60522957e-02 -7.06159472e-02]
   [ 1.00403942e-01 -6.43417612e-02 -1.10887978e-02 ...  8.65989551e-02
    -3.42545137e-02 -3.43762152e-02]
   [ 3.53722386e-02  5.32263964e-02  1.11109577e-02 ... -1.17900625e-01
    -5.93471713e-02  1.02165788e-01]]]


 [[[-6.35174941e-03  3.25391740e-02 -3.43331657e-02 ... -9.00722854e-03
    -3.82231660e-02 -2.90180109e-02]
   [ 3.02201416e-03 -1.10934287e-01  1.03793174e-01 ...  1.29223377e-01
    -8.85895491e-02  2.39320155e-02]
   [ 8.63869265e-02  3.87344398e-02 -1.00541614e-01 ...  4.16465737e-02
    -4.32936242e-03  4.91589755e-02]
   ...
   [ 1.52913734e-01  4.13591452e-02 -7.11950809e-02 ... -1.09888308e-01
     3.59036438e-02 -3.53304707e-02]
   [ 8.72559771e-02 -4.61230390e-02 -8.47525597e-02 ... -3.65369208e-02
     7.53399581e-02 -4.88531031e-03]
   [-1.41695023e-01 -8.21351856e-02  1.37768269e-01 ... -4.38810140e-02
     4.64375578e-02  2.48839948e-02]]

  [[-1.06483944e-01 -1.35153294e-01 -5.09172305e-03 ... -1.01648532e-01
     1.69593561e-02 -1.20869279e-01]
   [ 7.52893239e-02 -2.81903837e-02  4.04598005e-02 ...  4.02089097e-02
    -1.88356861e-01 -6.84939995e-02]
   [ 7.95343593e-02 -1.38327166e-01  5.54350689e-02 ... -9.21461880e-02
     3.04794274e-02  2.83128163e-03]
   ...
   [ 1.28251925e-01  3.03191063e-03 -2.90402807e-02 ...  5.31954225e-03
     5.01239300e-02 -6.86446130e-02]
   [ 1.31516129e-01 -1.30633280e-01  1.98407937e-02 ...  2.20087580e-02
     7.81309605e-02  1.32706109e-02]
   [-2.43089676e-01  9.06086937e-02 -1.01445010e-02 ...  6.11741692e-02
    -1.17280886e-01  9.29318776e-04]]

  [[-1.08437417e-02  3.17464322e-02 -8.13373700e-02 ... -1.30552858e-01
    -5.52153513e-02 -4.54137437e-02]
   [-6.64896145e-02 -9.62573215e-02  4.63514701e-02 ...  8.84293094e-02
     1.06488399e-01 -4.37890291e-02]
   [-5.28901070e-02  4.98112626e-02  5.91785833e-02 ... -1.57613363e-02
    -1.05647720e-01  7.28428306e-04]
   ...
   [-1.58547156e-03 -1.53473884e-01 -3.24177071e-02 ...  7.49706924e-02
    -1.48583129e-01 -1.71758667e-01]
   [ 4.37553227e-02  7.49495402e-02 -1.55670950e-02 ... -9.79274884e-03
     8.37110542e-03 -1.93625279e-02]
   [-2.31596053e-01 -3.00599262e-02 -1.65719226e-01 ... -2.47200876e-02
    -1.60375431e-01  1.27989992e-01]]]]

j: [-0.01875418 -0.01210251  0.00932868  0.02651009 -0.00041467 -0.05767025
 -0.06923703 -0.01727781 -0.01527778 -0.07083514 -0.02844504 -0.04711909
  0.04725393  0.00353926  0.06065945 -0.01023374 -0.00515833 -0.0311513
 -0.00806597 -0.02730862 -0.03305257 -0.07544173  0.00094782  0.01239166
 -0.00373776 -0.05305913 -0.04675961 -0.02045449 -0.07580654 -0.08706179
 -0.0143895  -0.0234851   0.01580398  0.01659293 -0.0400653   0.01254373
 -0.0089594  -0.00334425  0.00030833 -0.01018998 -0.03411044 -0.09440529
 -0.08154768 -0.01033076  0.0232427  -0.11832689 -0.05111299  0.01514524
 -0.05091542  0.03347864 -0.03886087 -0.06675383 -0.01006185  0.01382132
 -0.01323458 -0.04417297 -0.01128633  0.02403124  0.0075524  -0.04747631
 -0.0363648  -0.04084968  0.00376024 -0.0241734  -0.01042152 -0.0381736
  0.03403091 -0.04537776 -0.00500095  0.02872464 -0.00704368 -0.02630003
  0.06163754 -0.01820665  0.01723588 -0.02346203 -0.04644476 -0.01725178
 -0.00749996 -0.00327981  0.01360678 -0.02240326  0.04312011  0.07144583
 -0.03125104 -0.03528411 -0.0703019  -0.03615395 -0.04228457 -0.00332997
  0.05952341 -0.0249199  -0.01496195 -0.01826154 -0.00650946 -0.03263098
 -0.04022932 -0.0021142  -0.02746282 -0.00681093 -0.03247066 -0.03728042
 -0.04694837 -0.0291658   0.05409192 -0.04217037 -0.00830858 -0.03619966
  0.04618058  0.00312527 -0.06036062 -0.03337777 -0.08749449 -0.07265475
 -0.0430978  -0.01441336 -0.03452149 -0.00851806  0.06344459 -0.05419932
 -0.05333909 -0.01736142 -0.01275015 -0.02667105 -0.0512867  -0.0163756
 -0.09425119 -0.03316103]

Layer 5 - Max Pooling
Layer 6 - Flatten
Layer 7 - Dropout
Layer 8 - Dense(softmax)
j: [[-0.5160688   0.1759488  -0.11301753 ...  0.07776584 -0.4554675
  -0.02844248]
 [-0.1801529  -0.10549349  0.20946898 ...  0.29616943  0.03949435
  -0.34514394]
 [ 0.15073834 -0.29003024 -0.30162004 ... -0.07948291  0.06052522
  -0.05176844]
 ...
 [-0.45577234  0.08353771  0.0409653  ... -0.25354952 -0.15106949
  -0.33538505]
 [-0.06212331 -0.1736989   0.16279307 ...  0.28970385 -0.29661053
   0.28987515]
 [ 0.27365312  0.14272664  0.27081552 ... -0.08049429 -0.12810817
  -0.12136811]]

j: [ 0.20828995  0.11628813 -0.1390376   0.02098043 -0.09825142 -0.11797389
  0.09208768  0.07781561  0.07966841 -0.16177505]